8
30 33 21 10 14 2 40 10 
9
-1 -19 -27 49 44 -39 -25 -26 1 
5
-35 -37 -11 17 47 
6
-31 26 -38 -17 49 -32 
7
42 -15 24 -50 45 21 -11 
8
-17 -11 -18 -13 -5 7 21 45 
9
-45 21 -26 36 -42 1 4 24 -26 
100
25 20 -17 13 -21 49 8 44 2 -37 -15 49 -4 7 21 -27 -33 -47 44 -2 27 -32 33 -39 33 -25 9 12 -48 28 36 -43 44 15 30 -18 -11 34 10 15 22 11 8 34 -42 22 -38 -31 -3 -1 -1 9 21 2 -16 -28 -29 -30 42 -17 30 -11 24 -41 -22 47 50 43 -21 -25 -46 16 29 31 48 -29 41 12 32 -46 9 50 -16 -49 1 30 42 19 27 -11 -12 47 1 -16 -15 -31 -28 -49 17 -41 
20
40 -19 32 -39 1 34 28 20 24 -8 50 38 3 30 7 12 -18 1 -2 13 
15
42 -4 -46 11 -19 48 19 2 38 -30 18 -9 -2 29 47 
3
1 1 1 
4
1 1 1 1 
7
48 6 -6 23 -47 13 50 
